4.70055 4.78004e-05 0.000455895 0.000436698 0.988607 0.897641 
4.70001 0.000764357 0.000434224 0.000155232 0.991005 0.839552 
4.70047 0.000527301 0.00185027 0.000222351 0.98967 0.918164 
4.70033 0.000499068 0.000675294 0.000492029 0.989604 0.944584 
4.70099 0.000399681 0.00147004 0.000317568 0.989576 0.930849 
4.70068 0.000473447 0.00126444 0.000617559 0.989652 0.914519 
4.71419 0.000595423 0.000462942 0.000308708 0.989722 0.938111 
4.70031 0.000470734 0.00104362 0.000251301 0.988911 0.99044 
4.70124 0.00063486 0.000619565 0.000470805 0.990105 0.948775 
4.7011 0.000927218 0.00159563 0.000353576 0.990445 0.859161 
4.70124 0.000438538 0.000843271 0.000524218 0.990218 0.942005 
4.70123 0.00053302 0.000355905 0.000614 0.989994 0.9447 
4.70113 0.000261675 0.00191018 0.000487178 0.99021 0.907117 
4.7015 0.000470734 0.00104362 0.000251301 0.988911 0.99044 
4.7005 0.000713624 0.00043923 0.000167777 0.988956 0.91647 
4.70075 3.02618e-05 0.000612887 0.000496292 0.989922 0.89529 
4.70123 0.000519904 0.000627263 0.000422901 0.98846 0.955444 
4.70104 0.000807041 0.00152191 0.000188713 0.98914 0.924088 
4.70132 0.00127111 9.58891e-05 0.000179274 0.989457 0.949753 
4.70027 0.000641617 0.00130352 0.000120881 0.990143 0.934711 
4.70086 0.000339207 0.00176007 0.00010142 0.988651 0.9428 
4.70102 0.000855107 0.00129019 0.000349084 0.990844 0.861984 
4.70056 0.000244064 0.00184297 0.000221459 0.989685 0.944515 
4.7148 0.000165322 0.00126447 0.000294906 0.989245 0.922706 
4.70096 0.000373116 0.000282904 0.000471799 0.989363 0.914118 
4.7003 0.000116133 0.00229871 0.000391709 0.990054 0.922863 
4.71438 0.00054728 0.000891961 0.000181598 0.989226 0.91562 
4.7 0.00142736 0.000381069 0.000124104 0.989219 0.919517 
4.70044 0.000236402 0.000575318 0.000247684 0.988377 0.987948 
4.70024 0.000595159 0.00198036 4.14647e-05 0.989771 0.890441 
4.70124 0.0010282 0.00248115 0.000184941 0.989846 0.98952 
4.70107 9.2082e-05 0.00135615 0.000380893 0.989889 0.939154 
4.70022 0.000306711 0.00129456 0.00025828 0.98977 0.952505 
4.70058 0.000599559 0.000211579 0.000366204 0.989824 0.998824 
4.70127 0.00114069 0.000508912 0.000204579 0.989183 0.952824 
4.71361 0.000363994 0.000716036 9.39497e-05 0.991233 0.91183 
4.70105 0.0002955 0.00133589 0.000460979 0.99002 0.874266 
4.70019 0.000363132 0.00134404 0.000265221 0.989783 0.953713 
4.70108 0.000544795 0.00184214 0.000280143 0.989734 0.901087 
4.70138 0.000428062 0.000652038 1.1888e-05 0.989178 0.913076 
4.69995 0.000291185 0.000830029 6.80891e-05 0.988739 0.908859 
4.70029 0.000363132 0.00134404 0.000265221 0.989783 0.953713 
4.70125 0.0002955 0.00133589 0.000460979 0.99002 0.874266 
4.69995 0.000428062 0.000652038 1.1888e-05 0.989178 0.913076 
4.70107 0.000544795 0.00184214 0.000280143 0.989734 0.901087 
4.70144 0.00084364 0.0016895 0.000197742 0.989587 0.869167 
4.7004 0.000111648 0.00127192 0.000399539 0.989393 0.948138 
4.70042 0.000529249 0.00104994 0.000193158 0.988934 0.963603 
4.70106 0.000230385 0.00127875 0.000563375 0.988859 0.952172 
4.70006 7.43804e-05 0.000997126 0.000369144 0.988898 0.980071 
4.71505 9.63046e-05 0.000885765 0.00019976 0.991105 0.918241 
4.70147 0.000599043 0.0013077 0.000203312 0.989782 0.875342 
4.70124 0.000277659 0.000963863 0.00056192 0.989449 0.992377 
4.70102 0.000384752 0.000667615 0.000345494 0.990085 0.925254 
4.70031 0.000565036 0.000597968 0.000184025 0.990289 0.883582 
4.70098 0.00133212 0.00271673 0.000159831 0.990204 0.977788 
4.70015 0.00101073 6.67523e-05 0.00017027 0.989459 0.911672 
4.70096 5.84494e-05 0.00107753 0.000334255 0.989914 0.902501 
4.70092 0.000813853 0.00149433 4.35445e-05 0.989653 0.952827 
4.71385 0.000191312 0.000485586 0.000724234 0.991499 0.850248 
4.7014 0.000986495 0.00256757 8.7898e-05 0.989747 0.989069 
4.70115 0.000832788 0.000482586 0.000418505 0.989724 0.885848 
4.70143 0.000718091 0.0017802 0.000335036 0.989778 0.940508 
4.69999 0.000749977 0.00188047 1.18951e-05 0.990569 0.886568 
4.7008 0.000363511 0.000900005 0.000336259 0.989954 0.985951 
4.70116 0.000409262 0.00115775 0.000512397 0.989671 0.915854 
4.7008 0.00102382 0.00246356 0.000239525 0.990501 0.87916 
4.70062 0.000201643 0.000284902 0.000344893 0.988947 0.893526 
4.70075 1.16118e-05 0.000730087 0.000580989 0.98881 0.893373 
4.69945 0.000225508 0.00035539 0.000334899 0.990034 0.982855 
4.7746 0.000102682 0.000485264 0.000224748 0.989172 0.923843 
4.7002 0.000500654 0.00134077 8.58679e-05 0.989524 0.945499 
4.70065 0.000736488 0.000919401 0.000114482 0.988757 0.865213 
4.70112 0.00137951 0.00124959 0.000282127 0.990164 0.926449 
4.70043 0.000430651 0.000968674 0.000289619 0.989682 0.917755 
4.69999 0.000251732 0.00143517 0.00018522 0.989543 0.963055 
4.70075 0.000255589 0.000444176 0.000214029 0.990091 0.925259 
4.70018 0.000120149 0.0011155 1.63992e-05 0.988779 0.929933 
4.70053 0.00036897 0.00188126 0.00020489 0.990436 0.9238 
4.69997 0.000614454 0.00135733 1.08961e-05 0.989307 0.912161 
4.7011 0.00111356 5.0893e-05 0.000160323 0.989296 0.922321 
4.701 0.000616038 0.000677151 0.000684086 0.99049 0.918098 
4.71396 0.000233008 0.000221611 0.000686747 0.991499 0.873987 
4.70052 0.00040639 0.000755097 0.000214183 0.988635 0.875853 
4.71384 0.00031909 0.00146994 0.000441456 0.990759 0.876461 
4.70037 0.00119629 5.89777e-05 0.000215011 0.98933 0.929512 
4.70078 0.000835136 0.000481378 4.693e-05 0.989658 0.952354 
4.71401 7.25252e-05 8.44436e-05 0.000735681 0.991192 0.860058 
4.70164 0.00100708 0.00169306 0.000168025 0.989999 0.873463 
4.70012 4.02838e-05 0.000653806 8.02646e-06 0.989347 0.907722 
4.70009 0.000373361 0.000332677 3.53744e-05 0.989092 0.902223 
4.70024 0.000801874 0.000108657 0.000195721 0.98913 0.905875 
4.70034 0.000755215 0.000839617 0.000279165 0.989211 0.918449 
4.70134 0.000650707 0.000775391 0.000553238 0.989749 0.966549 
4.81692 0.000609601 0.00109332 8.87408e-05 0.988639 0.854434 
4.70119 0.00105331 0.000871928 0.000648888 0.989968 0.885761 
4.70039 0.00046552 0.00103657 0.000196232 0.988913 0.970688 
4.70088 0.000216243 0.000104072 0.000336887 0.990285 0.920073 
4.70022 0.00103418 0.00314826 0.00016442 0.989941 0.977817 
4.70131 0.000583214 0.0019552 0.000216845 0.990024 0.928761 
4.701 0.000868469 0.00122308 0.000174113 0.989869 0.944227 
4.70033 0.000149279 0.000429045 0.000495441 0.989351 0.918308 
4.70037 0.000867561 0.000170408 0.000217933 0.989132 0.931134 
4.70039 0.00106058 0.000426145 0.000203033 0.989561 0.925449 
4.70086 0.000407909 0.00116918 0.00048015 0.989642 0.878906 
4.70037 7.76956e-05 0.000438781 0.000278077 0.98873 0.927331 
4.70132 0.000362 0.000643808 0.000315622 0.988979 0.989808 
4.70115 0.000588763 0.000751749 0.000510283 0.990194 0.935746 
4.70083 0.00046622 0.000523249 0.000423029 0.989858 0.899069 
4.70121 0.00040379 0.000825705 0.000392339 0.990021 0.951531 
4.71486 0.00215173 0.00213275 0.000272129 0.990841 0.767928 
4.70136 0.00111026 0.00063013 0.000261118 0.989612 0.939189 
4.70008 0.000760509 0.000865937 0.000151322 0.98946 0.959484 
4.70149 0.00118716 0.00043524 0.00066476 0.989656 0.884957 
4.70041 0.00112629 0.000718146 0.000515973 0.990004 0.968919 
5.01205 0.00101769 0.000134639 5.98639e-05 0.992551 0.765397 
4.70146 0.00101313 0.000483384 0.000532981 0.989828 0.947542 
4.70133 0.000269059 0.000910756 0.000321268 0.988891 0.988133 
4.70008 0.000306399 0.000399067 0.000182433 0.989331 0.963492 
4.70099 0.000412804 0.000664916 0.000479531 0.989936 0.859738 
4.71408 0.000211077 0.000250657 0.000732025 0.991575 0.869713 
4.70035 0.00132181 0.000309408 0.000183859 0.989452 0.941878 
4.70117 0.000442267 0.00191831 0.000429758 0.98981 0.952384 
4.70001 0.000597598 0.00160838 4.76221e-05 0.989459 0.944311 
4.70097 0.000600624 0.000642848 0.000346614 0.989804 0.89038 
4.70142 0.00119811 0.000383592 0.000680539 0.989847 0.887529 
4.70052 0.000307641 0.000511431 0.000486557 0.990695 0.903734 
4.70013 0.001204 0.000576761 5.26553e-05 0.989366 0.912504 
4.70077 0.000521999 0.000742663 0.000300982 0.990079 0.864065 
4.70113 0.000341789 0.000239343 0.000428342 0.989386 0.935115 
4.70057 0.000213721 0.000715407 0.000263192 0.989502 0.935277 
4.70075 0.000579557 0.00144411 0.000296981 0.990474 0.965164 
4.7012 0.000844654 0.0023526 0.000291313 0.990129 0.850296 
4.71467 6.18792e-05 0.000639983 0.000228993 0.991149 0.930337 
4.70014 2.54752e-05 7.18376e-05 0.000263319 0.988954 0.902794 
4.70147 0.000454813 0.00113784 0.000336164 0.989006 0.943735 
4.7013 0.00132441 0.00180753 0.000326537 0.990486 0.866195 
4.70135 0.00114617 0.000166514 0.000191516 0.989361 0.931565 
4.70061 0.000975927 0.000216957 0.000617909 0.989358 0.887351 
4.70119 0.000280525 0.00137269 0.000482488 0.990036 0.93433 
4.70093 0.000396742 0.0013202 0.000150794 0.98933 0.949041 
4.70118 0.00145345 0.000552189 0.000331455 0.989848 0.922468 
4.71365 0.000108309 0.000594417 9.77056e-05 0.991078 0.908114 
4.70135 0.000332829 7.36723e-05 7.82671e-05 0.98756 0.989705 
4.70115 0.000149816 0.00130633 0.000119042 0.989789 0.963628 
4.71419 0.000574994 0.00140982 0.000304347 0.991093 0.936477 
4.70111 0.000948476 0.000766842 0.000358193 0.990094 0.938673 
4.7007 0.000660342 0.0008978 7.44152e-05 0.989765 0.997611 
4.70046 0.000206189 0.00131298 0.000293051 0.989184 0.927198 
4.70106 0.000290726 0.00165398 0.000291142 0.990096 0.932272 
4.70054 0.000539139 0.00121824 6.56674e-05 0.988814 0.874327 
4.70145 0.000641611 0.00126046 0.000502729 0.990047 0.9301 
4.70045 0.000653822 0.000679085 0.000474303 0.990607 0.929024 
4.70121 0.000844357 0.00113659 0.000129668 0.989269 0.895699 
4.71403 0.00045704 0.00122303 0.000438512 0.991059 0.896616 
4.71398 0.000114416 0.000840125 0.000195511 0.991175 0.909086 
4.70137 0.000937394 0.00128482 0.000382017 0.989948 0.883648 
4.70065 0.000190994 0.00160887 2.30577e-05 0.988694 0.933767 
4.7007 0.000581073 0.000253088 2.607e-05 0.989705 0.907686 
4.71582 0.000504412 0.00196323 0.000492527 0.991049 0.909073 
4.70114 0.000638693 0.000832024 0.000117613 0.989253 0.866483 
4.70159 1.68395e-05 0.000909756 0.000290803 0.988194 0.967318 
4.70103 9.68292e-05 0.00067276 0.000106423 0.988572 0.942815 
4.70142 0.00109847 0.000360091 0.000223074 0.98932 0.934727 
4.70017 0.000109233 0.00108564 6.86291e-05 0.989322 0.909705 
4.70135 0.000502755 0.00205939 0.000173302 0.989834 0.893923 
4.71467 0.000129129 0.000155308 0.000762373 0.991495 0.848374 
4.70118 0.000312008 0.000374071 0.00068046 0.990047 0.943766 
4.70119 0.000859475 0.00158732 7.39744e-05 0.990106 0.928424 
4.70023 0.000646428 0.000855067 7.82661e-06 0.989533 0.93054 
4.70125 5.32387e-05 0.000409587 0.000689602 0.990129 0.940045 
4.70033 0.000315846 0.00170142 0.000184377 0.990197 0.883346 
4.7004 0.000249879 0.000932839 0.000474774 0.990397 0.977873 
4.70017 0.000354236 0.000277329 0.000484631 0.989817 0.950848 
4.71358 0.000351915 0.000825426 0.000125453 0.991262 0.928096 
4.70142 1.32422e-06 0.000994584 0.000385596 0.988813 0.973637 
4.70159 0.00011011 0.00124899 0.000390963 0.988746 0.960728 
4.70151 0.000165552 0.00120774 0.000467893 0.989085 0.956687 
4.701 0.000357389 0.00121385 1.00671e-05 0.988504 0.860083 
4.70006 0.000188695 0.000495759 0.000448902 0.990713 0.916194 
4.70138 0.00101302 0.000491359 0.000694312 0.989948 0.899953 
4.77433 0.00053781 0.000327451 0.000554919 0.989504 0.885979 
4.70054 0.000811067 0.000802323 4.3083e-05 0.988666 0.864703 
4.69992 0.000201641 0.00187167 0.000248175 0.989528 0.913597 
4.70071 0.000741691 0.00168026 3.72933e-05 0.988868 0.864994 
4.70121 0.000724048 0.00193434 0.000315835 0.990246 0.914286 
4.7005 0.000609314 0.000807578 0.000157863 0.988571 0.872115 
4.70117 0.000237431 0.00123336 0.000311233 0.989911 0.927535 
4.71397 0.000546743 0.00194945 0.000455056 0.991276 0.939784 
4.70009 0.000244295 0.00128754 0.000320899 0.989841 0.946043 
4.70081 3.25011e-05 0.00163334 0.000215953 0.989649 0.996631 
4.70084 6.09005e-05 0.000331386 6.89974e-05 0.988914 0.9508 
4.70104 0.000549943 0.00113946 0.000371536 0.989602 0.945747 
4.70113 0.000530602 0.00020355 0.000334928 0.989424 0.966635 
4.70079 0.00097617 0.00186707 0.000166035 0.99003 0.86418 
4.70036 0.000374379 0.00091032 0.000198928 0.989531 0.924514 
4.70005 0.000287185 0.000493528 0.000353153 0.989219 0.899779 
4.70041 0.000373172 0.00130867 0.000151329 0.989082 0.964319 
4.70115 0.000542249 0.000646101 0.00021024 0.988644 0.971817 
4.70108 0.000199668 0.00109667 4.34467e-05 0.989099 0.943817 
4.70208 0.000618922 0.00125142 0.00013485 0.988632 0.859325 
4.70122 0.000291914 0.00171659 0.000439062 0.989642 0.939136 
4.71388 0.000341836 0.000885443 0.000341491 0.991263 0.912509 
4.70133 0.000210744 1.2549e-05 0.000460459 0.989102 0.881601 
4.70047 0.00119278 0.000728449 0.000153881 0.988889 0.936028 
4.70123 0.000362089 0.000963349 0.000107741 0.989179 0.946069 
4.70118 0.00132872 0.000208163 0.00027044 0.989373 0.903877 
4.70116 0.00110977 0.000994375 9.70849e-05 0.989292 0.936192 
4.70058 0.000700581 0.00145083 0.000347771 0.990437 0.896438 
4.70098 0.000723937 0.000678939 3.61112e-05 0.989577 0.956441 
4.7138 0.000185788 0.000970148 0.00029098 0.991226 0.917658 
4.70024 0.000799879 0.001258 0.000113809 0.989641 0.901301 
4.7 0.000717203 0.000543222 1.48047e-05 0.989194 0.895451 
4.70107 0.00154122 0.00315416 0.000172903 0.990461 0.978499 
4.70073 7.89533e-05 0.00157172 0.000439659 0.99031 0.981383 
4.70049 0.000772349 0.000723462 0.00037463 0.99034 0.918271 
4.70109 0.000571342 0.00261288 1.67124e-05 0.990128 0.938579 
4.701 7.36127e-05 0.00122122 0.000115715 0.989592 0.957425 
4.70014 2.63235e-05 0.000313302 0.000246947 0.989027 0.919716 
4.70085 0.000392256 0.00226211 0.000143775 0.990345 0.939837 
4.70069 0.000415785 0.000994205 0.000101061 0.988614 0.977653 
4.70056 0.0009426 0.000194252 0.000265241 0.989613 0.969795 
4.70045 0.00106352 0.000232123 0.000294315 0.989297 0.921582 
4.70036 0.000498828 0.00149697 0.000358565 0.989477 0.96196 
4.70176 0.000109848 0.000169504 0.000480594 0.988458 0.885662 
4.70052 0.000404225 3.08386e-05 0.000176516 0.988088 0.928395 
4.70066 0.00116164 0.000126612 0.000244272 0.989108 0.935977 
4.70106 0.000869568 0.00139399 7.38404e-05 0.989989 0.867269 
4.71472 0.00233196 0.00254027 0.000416079 0.99161 0.760165 
4.7011 6.6928e-05 0.00182441 0.000354577 0.990031 0.947983 
4.70127 0.00103352 0.00246228 7.19926e-05 0.990259 0.956877 
4.69986 0.000417328 0.000905415 0.000155849 0.989911 0.903796 
4.70022 0.000153506 0.000558167 0.000290434 0.988606 0.980296 
4.7014 0.00103005 0.00176229 0.000139384 0.989876 0.932554 
4.69942 0.00071032 0.00118081 9.14413e-05 0.990053 0.985231 
4.70014 0.000229777 0.00115267 0.00029325 0.989647 0.958762 
4.70129 3.12227e-05 0.00214369 7.06125e-06 0.989687 0.88129 
4.70109 8.49563e-05 0.000810857 0.000272595 0.988692 0.978006 
4.701 0.000511848 0.0012423 0.000254674 0.988725 0.94079 
4.70049 0.00110985 0.00301093 0.000216989 0.990017 0.975309 
4.69989 0.00076089 0.000288198 0.000155029 0.990532 0.943768 
4.71373 0.000435941 0.000988854 0.000209318 0.991429 0.908869 
4.70068 0.000581796 0.00127295 4.58153e-05 0.9898 0.904426 
4.70032 7.83288e-05 0.000568681 0.000262683 0.988982 0.904707 
4.70155 0.00019837 0.000331196 0.000374445 0.988575 0.959569 
4.70074 0.000440171 0.00249181 0.000399997 0.990609 0.917983 
4.70104 0.000345881 0.000316916 0.000138593 0.989724 0.965404 
4.70128 0.0013839 8.01773e-05 0.000279879 0.989293 0.945854 
4.71408 4.54056e-05 0.000373041 0.000744762 0.991451 0.847639 
4.71515 0.000377383 0.000749675 0.000161896 0.991109 0.920124 
4.70136 0.00139531 0.00268584 0.000293398 0.990214 0.973855 
4.70012 0.00049005 0.00191427 0.000214242 0.989676 0.961763 
4.69926 0.000301394 0.00112932 5.68613e-05 0.990873 0.936676 
4.70136 0.00102542 0.00133913 0.000502657 0.990033 0.893493 
4.70026 9.09786e-05 0.00051373 0.000314929 0.989041 0.915968 
4.69934 0.000868722 0.00117642 0.000158645 0.990393 0.927925 
4.70065 0.000131783 0.000958582 6.93599e-06 0.988115 0.877375 
4.71431 0.000886328 0.000316968 5.22987e-05 0.992612 0.74267 
4.78615 0.000391307 0.00143063 0.000317998 0.990118 0.846159 
4.69994 0.000360324 0.00231361 0.000150108 0.98956 0.983488 
4.71353 0.00021637 0.00105943 0.000176907 0.991474 0.893917 
4.70111 0.000668093 0.000814467 0.000463542 0.989643 0.92536 
4.69998 0.000235555 0.000973254 0.000197322 0.990851 0.93879 
4.70095 0.000435428 0.0018711 0.000342167 0.990454 0.962852 
4.69993 0.000547264 0.000114464 0.000179831 0.989079 0.916641 
4.70102 0.000266783 0.00100447 0.000456745 0.990091 0.989185 
4.7007 0.000667935 0.000794959 8.51518e-05 0.988949 0.887722 
4.7005 0.000932055 0.00030023 0.000253501 0.989079 0.913364 
4.70199 0.000847377 0.00109958 0.000227832 0.988535 0.957201 
4.70073 0.000185639 0.00012814 0.000207536 0.98976 0.911512 
4.71513 0.000450228 0.00119696 0.000588955 0.991568 0.901725 
4.69938 0.000993904 0.000876819 4.00831e-05 0.990032 0.983318 
4.70013 4.40944e-05 0.000947536 0.000250782 0.989076 0.924984 
4.70114 0.00015711 0.000536584 0.000756002 0.990352 0.930655 
4.70158 0.00101699 0.00309737 0.000343193 0.990093 0.987691 
4.70037 0.000916188 0.00119577 0.000190281 0.989093 0.909373 
4.71342 0.000317254 0.00112389 1.907e-05 0.991536 0.945087 
4.70043 0.000761033 0.000221121 0.000303091 0.989074 0.945745 
4.70009 0.000407875 0.000908374 0.000219363 0.989412 0.925709 
4.7004 0.000975728 0.000639009 2.36865e-05 0.990136 0.940901 
4.70098 9.68156e-05 0.000335679 0.000399949 0.989309 0.995011 
4.71494 0.000275277 0.00122973 0.000226136 0.991274 0.910865 
4.7002 0.000293045 0.000987266 0.000111355 0.988766 0.928795 
4.71348 0.000732905 0.000837413 0.000163634 0.990948 0.944215 
4.70102 0.000531144 0.000786479 0.000318072 0.989406 0.926869 
4.70106 0.00096627 0.00100982 5.2513e-05 0.990018 0.868463 
4.70047 0.000715208 0.000563379 0.0003163 0.990299 0.987734 
4.70002 0.000702338 0.00120874 0.00031839 0.990649 0.933528 
4.71398 0.000157239 0.000158113 0.000731932 0.991527 0.849731 
4.70066 0.00116431 0.000838205 6.61881e-05 0.989996 0.972827 
4.71313 0.000207826 0.00121239 2.68564e-05 0.991407 0.948976 
4.70074 0.00104043 0.00100273 0.000115617 0.990225 0.995077 
4.70062 0.000853737 0.00127565 0.000197019 0.990208 0.867141 
4.70018 0.00088548 8.55547e-06 0.000178522 0.988956 0.894479 
4.70117 0.00114137 0.00321269 5.21555e-05 0.990229 0.983148 
4.7006 0.000124867 0.00149324 0.000334396 0.99019 0.876605 
4.71341 0.000289005 0.00105519 1.49556e-06 0.991528 0.929346 
4.70007 0.000965032 0.00139305 5.29576e-05 0.990715 0.871974 
4.70084 0.000481274 0.000564049 0.000282495 0.989761 0.973898 
4.7006 0.000477333 0.00134762 0.00013677 0.990125 0.893481 
4.70075 6.18994e-06 0.00285408 0.000245777 0.989388 0.881686 
4.71371 0.00036226 0.00116032 0.000171313 0.991326 0.925228 
4.71411 0.000984089 0.00204437 0.00015475 0.991457 0.916827 
4.70088 0.000647077 0.000445459 0.000411937 0.990282 0.91639 
4.70138 0.00013693 0.00247546 0.00021762 0.989542 0.886703 
4.71448 0.000348165 0.000794293 0.000204273 0.991442 0.923466 
4.69952 0.00125948 0.00100664 0.000384703 0.990655 0.882884 
4.71414 0.000998586 0.00152203 0.000440096 0.99179 0.947698 
4.77451 0.000495267 0.000328984 0.000334193 0.989265 0.970385 
4.70176 0.000925264 0.000256906 0.000631935 0.989318 0.884737 
4.70072 0.000651488 0.00122055 9.78417e-06 0.990082 0.945885 
4.7005 0.00114522 0.00136186 0.000304452 0.989768 0.92785 
4.70017 0.00114682 0.00137208 8.87896e-05 0.989781 0.960061 
4.70077 0.000596098 0.000830802 0.000135173 0.988541 0.946813 
4.70147 0.00129825 0.00337447 7.10725e-05 0.990351 0.966495 
4.70135 0.00071781 0.000794829 0.000415523 0.989747 0.929505 
4.70106 0.00076239 0.000199637 0.000247371 0.989365 0.927454 
4.69982 0.000328171 0.00176042 1.50425e-05 0.989352 0.973893 
4.7014 0.00116755 0.000697929 0.000578146 0.989644 0.88597 
4.70031 0.000633759 0.00127194 0.000194532 0.989578 0.954287 
4.70018 0.000355527 0.00121645 4.39461e-05 0.989111 0.911751 
4.70068 0.000590265 0.000658066 9.8037e-05 0.989218 0.904623 
4.70086 0.000454335 0.00158612 0.000159828 0.990124 0.999239 
4.70031 0.000973275 0.0023266 0.000137674 0.98965 0.925893 
4.70114 0.00075482 0.000795002 5.99901e-05 0.98899 0.955527 
4.71487 0.000116247 0.00155173 0.00019696 0.991398 0.928568 
4.70065 0.000554021 0.00107859 0.000240706 0.9903 0.951256 
4.7 0.000914162 0.0016881 0.00012126 0.989712 0.949691 
4.70123 0.000760869 0.000836369 0.000125953 0.98927 0.947672 
4.69937 0.000666127 0.00192214 0.000309656 0.990474 0.919032 
4.70059 0.000722234 0.00165883 0.00022202 0.990351 0.93437 
4.70009 0.00033405 0.000229329 0.000380456 0.989381 0.944793 
4.70063 0.000786211 0.0018889 9.93707e-05 0.989127 0.925128 
4.70095 0.000878576 0.000383413 4.11254e-05 0.98971 0.907593 
4.70082 0.000593018 0.00180063 0.000124196 0.990421 0.943414 
4.70089 0.000580718 0.00184812 5.1638e-05 0.990203 0.911313 
4.70066 6.43999e-05 0.000913812 1.67073e-05 0.989427 0.976201 
4.70139 0.000585107 0.000969511 0.000482821 0.989675 0.966073 
4.70082 0.00014687 0.00117693 3.82723e-05 0.989861 0.967276 
4.70097 0.000569138 0.00187974 0.000330126 0.99011 0.980784 
4.71555 0.00104216 0.00214904 0.000377265 0.990888 0.891296 
4.70101 0.000328824 0.000174484 0.000531366 0.989474 0.992782 
4.70062 0.000730873 0.00125061 0.000162243 0.990418 0.970196 
4.69982 9.27487e-05 8.19716e-05 0.000243491 0.989277 0.911356 
4.70129 0.000269223 0.00127414 0.000448106 0.989887 0.920666 
4.70116 0.00104142 0.00190307 1.99066e-05 0.989943 0.918877 
4.70067 3.05463e-05 0.00248985 0.000257999 0.98928 0.912812 
4.71378 5.84018e-05 0.000681541 0.000122366 0.990918 0.927818 
4.70117 0.000391965 0.00182927 0.000112973 0.989977 0.961569 
4.70002 0.000714527 0.00187382 0.000142381 0.990868 0.936983 
4.70081 0.000569138 0.00144657 5.91256e-05 0.99016 0.966717 
4.70053 0.000935193 0.000875551 4.90941e-05 0.990104 0.948155 
4.70069 0.00112587 0.000916807 0.000219992 0.990263 0.920563 
4.71327 4.75218e-05 0.00126021 4.56848e-05 0.991462 0.938477 
4.70122 0.000298488 0.00132589 0.000382921 0.989989 0.949602 
4.70158 0.000543716 0.00284746 0.000206518 0.99004 0.998762 
4.70044 0.000560244 0.000762063 0.000196294 0.990254 0.863959 
4.70021 0.00072907 0.000481696 0.000169033 0.989314 0.890086 
4.70112 0.000472398 0.00090132 0.000399921 0.99006 0.916847 
4.70065 0.000577053 0.000535578 0.000550085 0.990535 0.90751 
4.7005 0.000100844 0.00131858 5.1871e-06 0.98947 0.940308 
4.71421 0.00123025 0.00209653 0.00027234 0.991241 0.929459 
4.70084 0.000580026 0.000765704 3.80873e-05 0.98967 0.959687 
4.7009 0.000372512 0.00102676 8.82917e-05 0.989632 0.923164 
4.70095 7.29168e-05 0.00148656 0.000642453 0.990379 0.927355 
4.70014 0.000706793 0.000481082 0.000308873 0.990359 0.97421 
4.88059 0.000338395 0.00029747 0.000333159 0.988171 0.966867 
4.69983 0.000115282 0.00079994 3.88508e-05 0.989777 0.964402 
4.70019 0.000514163 0.00137108 9.65365e-05 0.98967 0.899363 
4.7008 0.000662622 0.00194275 0.000469659 0.990594 0.903625 
4.71306 0.000239287 0.001066 2.446e-05 0.991439 0.941329 
4.70038 0.0011515 8.77406e-05 0.000298815 0.989172 0.958896 
4.70035 0.000956787 0.000763676 0.000161626 0.988966 0.952902 
4.70086 0.000562405 0.0016806 0.000116998 0.990259 0.940298 
4.70009 3.37471e-05 0.000961256 0.000603461 0.990947 0.953166 
4.70005 0.000420348 0.00112463 9.13627e-05 0.989821 0.945713 
4.70097 0.000255855 0.000895101 0.000397312 0.990113 0.888788 
4.69994 0.000161393 0.000254543 0.000522026 0.990736 0.947453 
4.70019 1.90171e-05 0.000241365 0.000209173 0.989106 0.945617 
4.71412 0.00083445 0.000873261 0.000610103 0.991069 0.9068 
4.70018 4.31697e-05 0.00157688 0.000139642 0.989469 0.970658 
4.70097 0.000688404 0.00131159 0.000157136 0.989773 0.926054 
4.70126 0.00112538 0.00128074 0.000124258 0.989666 0.987269 
4.70084 0.000513043 0.0010383 0.000283126 0.990048 0.971127 
4.71471 0.000267379 0.00101637 0.000210209 0.991048 0.940181 
4.70051 0.000298292 0.00231075 6.53943e-05 0.989234 0.957217 
4.70092 0.000451963 4.69657e-05 0.000168506 0.989857 0.906396 
4.70067 0.000784792 0.00117744 0.000126202 0.990449 0.950705 
4.71521 0.000688132 0.00186812 0.000200733 0.991001 0.906004 
4.70015 0.000647243 0.000994929 0.000118014 0.989244 0.925338 
4.71517 0.000753572 0.000290812 0.000290261 0.990828 0.836465 
4.70086 0.000939754 0.00106843 0.000194005 0.989957 0.948261 
4.70094 0.00028461 0.0012615 0.000242189 0.989899 0.952924 
4.71628 0.00256423 0.00245689 0.000366013 0.991311 0.770404 
4.88123 0.000925475 0.00189783 0.000336603 0.988797 0.896237 
4.70024 0.000604009 0.000274037 0.000224854 0.989103 0.944913 
4.70061 0.0012936 0.00105906 3.04866e-05 0.989465 0.871109 
4.70068 0.000620177 0.000329415 9.16629e-05 0.989687 0.979732 
4.69929 0.000878287 0.00205842 0.000106996 0.990651 0.931668 
4.71354 0.000480841 0.000934789 9.88882e-05 0.991011 0.893611 
4.71404 0.000125774 0.000535352 0.00070454 0.991618 0.845503 
4.7004 0.000516448 0.00127719 0.00013959 0.989642 0.930412 
4.70113 5.51443e-05 0.00202615 0.000311112 0.99038 0.957153 
4.69973 0.000136589 0.00130283 3.14369e-05 0.989849 0.976492 
4.7018 1.43018e-05 0.00288247 0.000237257 0.989429 0.884091 
4.71281 0.00111076 2.48295e-05 2.25849e-05 0.992206 0.739753 
4.70036 0.000280083 0.0016619 0.000247198 0.990174 0.895084 
4.785 0.000701295 0.00220328 5.67805e-05 0.990572 0.941407 
4.70097 0.00129132 0.00231883 0.000180879 0.990539 0.947609 
4.7137 1.54296e-05 0.00106351 0.000170946 0.990963 0.905078 
4.70077 0.000930917 0.00102014 0.000149681 0.990194 0.948349 
4.70033 0.000711691 0.00134439 0.000317741 0.990602 0.946385 
4.70093 1.88051e-05 0.000980032 0.000419219 0.990171 0.902234 
4.70153 0.00051517 0.00176074 0.000339646 0.989784 0.92032 
4.71461 0.000247751 0.00086676 3.17469e-05 0.991452 0.934635 
4.69977 0.000624842 0.000587156 8.14047e-05 0.989958 0.972469 
4.70024 0.00039511 0.000908427 0.00024752 0.990377 0.970789 
4.70055 0.000638141 0.00107143 0.000133277 0.990276 0.935648 
4.70033 0.000601525 0.00199776 0.000220937 0.990691 0.993686 
4.70025 0.00014615 0.000673441 0.000209828 0.98962 0.960311 
4.70133 0.000543358 0.00192972 6.52463e-05 0.989958 0.921115 
4.70105 3.23663e-05 0.000393256 0.000211381 0.989211 0.860844 
4.785 0.000963633 0.00150737 4.86971e-05 0.990447 0.948966 
4.71381 0.000555081 0.00106769 0.000262857 0.991296 0.909452 
4.70105 0.000447087 0.00175178 0.000500414 0.990449 0.92982 
4.70054 2.80956e-05 0.00164769 0.000203977 0.990439 0.938316 
4.70044 0.000608574 0.00068868 0.000506142 0.990642 0.920192 
4.70023 0.000117006 0.00220172 0.000342005 0.990042 0.941473 
4.70116 0.0010798 0.00186367 0.000201295 0.989606 0.903814 
4.71366 0.000823986 0.00065682 0.000152208 0.990761 0.871391 
4.69994 0.000447221 0.00205601 4.25011e-05 0.990575 0.88515 
4.70001 0.000557625 0.000961184 0.000268873 0.990679 0.945713 
4.70024 0.000209836 0.00111179 0.000313911 0.99041 0.974978 
4.71523 0.00092214 0.00204788 0.000180314 0.990767 0.876511 
4.70007 0.000312731 0.000406071 0.000183938 0.990301 0.90038 
4.71478 0.000141986 0.000372003 0.000760647 0.991536 0.849847 
4.70116 0.000473472 0.00105667 0.000199094 0.989291 0.937742 
4.71486 0.000367849 0.000865236 0.000226741 0.991278 0.913437 
4.70151 6.31941e-05 0.00245944 0.000233132 0.98894 0.90411 
4.71301 0.000172461 0.00131812 2.36966e-05 0.99168 0.942375 
4.70102 0.00105299 0.000352342 0.000149248 0.989279 0.903229 
4.70009 0.00104194 0.00188845 0.00013455 0.989869 0.955937 
4.70089 0.000300547 0.00247961 1.29253e-05 0.990208 0.917933 
4.70076 0.000433547 0.000246879 0.000427088 0.99036 0.926286 
4.71509 0.000213806 0.000544348 0.000682285 0.99141 0.819207 
4.70027 0.000490293 0.00120963 0.000141896 0.990318 0.908505 
4.70068 0.000490559 0.00191363 0.000143368 0.990376 0.946493 
4.70006 0.000131288 0.000889859 9.78593e-05 0.989306 0.95736 
4.70027 0.000764913 0.000587758 5.58428e-05 0.989582 0.934316 
4.70092 4.91546e-05 0.000722146 0.000125727 0.989162 0.957703 
4.74855 0.000873391 0.0010831 0.000267197 0.990321 0.920202 
4.70144 0.000542207 0.00193608 0.000505776 0.990088 0.927131 
4.70093 0.000313354 0.00129646 0.000115162 0.989999 0.937036 
4.70107 0.000330357 0.00216342 0.000432572 0.989685 0.973264 
4.70079 0.000867705 0.000900543 3.81715e-05 0.988613 0.947836 
4.70111 0.000438262 0.00107237 0.000238738 0.989031 0.9961 
4.70124 0.000569554 0.00193694 0.000231873 0.990358 0.973928 
4.70062 0.000495198 0.000145787 0.000529335 0.98937 0.946056 
4.70005 0.000682222 0.00179857 0.000203729 0.990096 0.963926 
4.70003 0.000823603 0.000296353 0.000213992 0.990449 0.901949 
4.70023 0.000732893 0.00150838 0.000201051 0.989636 0.902788 
4.6998 0.000538835 0.000444425 0.000366314 0.989509 0.981906 
4.70104 4.25004e-05 0.00143352 0.000168704 0.989364 0.96141 
4.71412 0.00128026 0.00130127 0.00037602 0.991055 0.957064 
4.70126 0.000758622 0.0010482 0.000259325 0.989563 0.943209 
4.70098 0.00114368 0.000535732 0.000122381 0.989897 0.99021 
4.7004 0.000454382 0.000703284 1.53118e-06 0.988473 0.951046 
4.70116 0.000348852 0.00083539 0.000563112 0.989122 0.969669 
4.70061 0.000668303 0.00103964 5.25988e-05 0.989691 0.983808 
4.70109 0.000554239 0.00130023 4.27076e-05 0.989906 0.947233 
4.70051 0.000663112 0.00136565 0.000360332 0.990693 0.914115 
4.7138 0.000723065 0.000899497 0.000438942 0.991087 0.940431 
4.70091 0.000243141 0.000569495 0.000299002 0.989801 0.903464 
4.70134 0.000565875 0.00152436 0.000147373 0.989374 0.892745 
4.70027 0.000542058 0.00146683 9.45654e-05 0.989581 0.942225 
4.7003 0.00121441 0.0011742 0.000155916 0.989112 0.910404 
4.69976 0.000647815 0.0017262 0.000117484 0.989723 0.975349 
4.70081 0.000633103 0.00057094 0.000299344 0.989988 0.92269 
4.70068 0.000985512 0.00145428 8.94321e-05 0.989823 0.845424 
4.70038 0.000326284 0.000788488 0.000147076 0.989485 0.916698 
4.70038 0.000994821 0.00118963 0.000207253 0.989736 0.92354 
4.70072 0.000214861 0.00111221 6.31072e-05 0.989712 0.99821 
4.70091 0.000569982 0.00152522 0.000139614 0.990249 0.957875 
4.70075 0.000620902 0.000845564 0.000135083 0.990078 0.953428 
4.70074 0.000588051 0.00150312 4.19443e-05 0.989713 0.99601 
4.70029 0.000141431 0.000215565 0.000242246 0.988558 0.938911 
4.69998 0.000885342 0.00125279 0.000392598 0.990032 0.973246 
4.70111 0.000302353 0.00118261 0.000387987 0.99006 0.951885 
4.70133 0.000684654 0.0027723 6.20905e-05 0.989913 0.997466 
4.70028 0.000752627 0.000171548 0.000132157 0.990031 0.994073 
4.71494 0.00065818 0.00228548 0.000336715 0.991464 0.967723 
4.71324 0.000194178 0.00100487 4.10389e-05 0.991536 0.939412 
4.70465 0.000994546 0.00178001 2.74352e-05 0.990662 0.972918 
4.70011 6.31403e-05 0.00061127 0.000342314 0.98926 0.919468 
4.70057 0.00118527 0.000594919 0.000103567 0.990282 0.960943 
4.70084 0.000786768 0.000283856 0.000292876 0.989307 0.958799 
4.70125 0.000298246 0.000985871 0.000420531 0.989652 0.96396 
4.70082 0.000512956 0.00102728 0.000378458 0.990279 0.939074 
4.71305 0.000907962 0.000327066 3.05183e-05 0.992623 0.74804 
4.70039 0.000850711 0.000629219 5.8126e-05 0.989364 0.920467 
4.71507 0.00023603 1.74717e-05 0.000900701 0.991624 0.844608 
4.7157 0.00176637 0.00103154 0.000557163 0.991038 0.835139 
4.70103 0.00111532 0.00125152 0.000557002 0.990593 0.993173 
4.70087 0.0010207 0.00197009 0.000213502 0.990163 0.983007 
4.70076 0.000615667 0.00112375 0.000429511 0.990794 0.947538 
4.70067 0.000636632 0.000848982 0.000362046 0.989126 0.900348 
4.70108 0.00107755 3.62757e-05 0.000311339 0.989832 0.932215 
4.70102 0.000472798 0.00077768 0.000355187 0.989983 0.994374 
4.70062 0.000744449 0.00134283 0.000119815 0.990275 0.900747 
4.70004 1.62645e-05 0.00171624 0.000172138 0.989517 0.925005 
4.70044 0.000833296 0.000935438 7.94626e-05 0.990124 0.889139 
4.71291 0.000620038 0.0011215 0.00039986 0.992118 0.96828 
4.70077 0.000316994 4.76413e-05 0.00031644 0.989655 0.969718 
4.70122 0.000469599 0.00193626 0.000122142 0.989272 0.952387 
4.88487 0.000857167 0.00270096 8.93758e-07 0.989909 0.987758 
4.70103 0.0011335 3.1746e-05 0.000183506 0.989752 0.867795 
4.71385 0.000193443 0.00108173 0.000291532 0.991413 0.903171 
4.70062 0.000564616 0.000796781 0.000208001 0.990134 0.980865 
4.71332 0.00115242 9.37767e-05 9.47706e-05 0.992347 0.74816 
4.71469 0.000219085 0.000969647 3.57564e-05 0.991318 0.935232 
4.70129 0.00166771 0.000418483 0.000447538 0.990179 0.915978 
4.69967 0.000517191 3.38344e-05 0.000338785 0.990578 0.965154 
4.71361 0.000240722 0.00114336 2.14605e-05 0.991562 0.924721 
4.71495 0.000420648 0.000673878 0.000303186 0.990812 0.905017 
4.70039 3.33606e-06 0.000477095 2.7544e-06 0.989218 0.937063 
4.70074 0.00114908 0.00226537 0.000194808 0.990686 0.909065 
4.70092 2.93599e-05 0.000122721 0.00058692 0.990178 0.944819 
4.70059 0.000900993 0.000705562 0.000224385 0.990218 0.958232 
4.71529 0.000622019 0.00137586 0.00035179 0.991096 0.92632 
4.71552 0.000944419 0.00194954 0.000396139 0.991111 0.917537 
4.70106 5.42598e-05 0.000104766 0.000234164 0.989672 0.855931 
4.70114 0.000757382 0.00157515 0.00017046 0.990276 0.952713 
4.70049 0.000708051 0.000927681 3.04122e-05 0.99004 0.922272 
4.69987 0.000346546 0.000404022 0.000163882 0.988931 0.912058 
4.70081 0.000319963 0.0014817 2.95433e-05 0.989507 0.972569 
4.70115 0.000507355 0.000636687 3.94096e-07 0.989357 0.956725 
4.70009 0.000320494 0.000932531 0.00019509 0.990501 0.993238 
4.71458 0.00105192 0.00152367 5.57715e-05 0.991365 0.985952 
4.70086 0.00112212 0.00181297 3.22372e-05 0.990365 0.949838 
4.82615 0.000677241 0.000382427 0.000129807 0.990126 0.968359 
4.70043 0.00113142 0.000170953 0.00032283 0.989235 0.932719 
4.70042 0.000463768 0.000459467 0.000228068 0.989112 0.881531 
4.70006 0.000829862 0.00097699 8.93814e-05 0.989835 0.953147 
4.70092 0.000729092 0.000472408 0.000276339 0.987778 0.943874 
4.69997 0.000894577 0.000613116 0.000268662 0.989642 0.979866 
4.78549 0.0015992 0.000983716 7.80024e-05 0.99008 0.921342 
4.70138 0.000723859 0.000926676 0.000308108 0.988074 0.833059 
4.70092 0.00049617 0.000403306 0.000236939 0.988342 0.892327 
4.7132 8.22924e-05 0.00100545 1.94594e-07 0.991409 0.942152 
4.70037 0.000752586 0.000843683 0.000283948 0.989807 0.938198 
4.70092 0.000273681 0.00191653 0.00031951 0.990435 0.934345 
4.70162 0.000721387 0.00155962 3.27899e-06 0.988432 0.994358 
4.7004 0.000143207 0.00154322 0.000134717 0.990334 0.91676 
4.70072 0.000721278 0.00102626 0.00030819 0.990389 0.94963 
4.7149 0.000484913 0.000899016 0.000451001 0.991321 0.948132 
4.71305 0.000622678 0.000244254 0.000104616 0.992569 0.741857 
4.71452 0.000226471 0.00141839 1.24366e-05 0.991603 0.926294 
4.70112 0.0011228 0.00101441 3.71739e-05 0.989094 0.947963 
4.70142 0.00131163 0.00203598 0.000109882 0.990263 0.959937 
4.70123 7.41567e-05 0.00253658 0.000249822 0.98953 0.891856 
4.701 0.000763633 0.00168879 0.000321443 0.990371 0.922379 
4.70012 8.94069e-05 0.000255329 0.00015553 0.989429 0.952411 
4.7013 0.000348283 0.000380674 0.000439699 0.989451 0.968401 
4.70022 0.000148776 0.00040934 0.00024931 0.988774 0.911335 
4.70015 0.000608545 0.00107487 0.00030407 0.990525 0.890595 
4.70138 0.000293043 0.00159862 0.000304964 0.989028 0.94291 
4.70187 0.000513741 0.00183605 0.000146286 0.988546 0.884424 
4.71608 0.00112531 0.00239052 9.93385e-05 0.990653 0.844906 
4.70116 0.000782288 0.000467661 0.000542476 0.990255 0.961873 
4.70035 0.00106409 0.000364339 0.000222119 0.98964 0.963684 
4.70051 0.000514793 0.000845008 2.38426e-05 0.990264 0.952281 
4.70088 0.000481156 7.35457e-05 0.000337604 0.990092 0.898057 
4.70075 0.000827316 0.00112163 0.000136359 0.989817 0.927104 
4.71442 0.000562072 0.00132823 0.00033046 0.991823 0.964795 
4.7003 0.000551326 0.00115119 0.000306786 0.990459 0.976136 
4.70068 0.00134063 0.00147472 0.000209521 0.990433 0.913786 
4.70122 0.000804917 0.00152883 2.90564e-05 0.989698 0.887146 
4.70061 0.00032922 0.000596903 0.00023279 0.990059 0.964878 
4.70112 0.000231316 0.000603625 0.000661221 0.990267 0.901957 
4.70079 0.000664239 0.000524599 0.000273525 0.989098 0.884732 
4.70018 0.00124126 0.000608286 0.000147052 0.990449 0.874897 
4.70059 0.000856137 0.000743909 0.000166916 0.990167 0.957151 
4.69936 0.000235383 0.00119143 1.17482e-05 0.990131 0.965375 
4.70119 0.000124279 0.00329493 0.000202525 0.989958 0.902209 
4.70166 0.00106781 0.001403 0.000218887 0.989141 0.9934 
4.70057 0.000311257 0.00139102 0.000244435 0.990342 0.909415 
4.7002 0.00076091 0.00102265 0.000326709 0.990613 0.95478 
4.70018 0.000126731 0.000176498 0.000329254 0.989194 0.919304 
4.70043 0.000983102 0.000760425 4.9872e-05 0.989379 0.899504 
4.70107 0.000353212 0.00132446 0.000457869 0.990189 0.903841 
4.7008 0.000361851 0.00206632 0.000270416 0.99054 0.933123 
4.73612 0.000655124 0.00133692 0.000129471 0.989236 0.891927 
4.70029 0.000611433 0.00081049 0.000151602 0.990258 0.932161 
4.70081 0.000741373 0.00140301 0.000143606 0.989987 0.930985 
4.7009 0.000156676 0.000234703 5.24397e-05 0.988139 0.954652 
4.70028 0.000839853 0.000652452 0.000380994 0.990474 0.941641 
4.69999 0.00120401 0.00170595 0.000221948 0.989834 0.951799 
4.7135 0.000246138 0.000361105 0.000536856 0.99117 0.981999 
4.71507 0.000532402 0.00127799 0.000314024 0.991198 0.964564 
4.70083 0.000224827 0.000338888 0.000517897 0.988746 0.868327 
4.71331 0.000818611 0.000951157 0.000214481 0.991754 0.962432 
4.71328 0.000663043 0.000911084 0.000208014 0.991483 0.973442 
4.70108 0.000482764 0.000865179 0.000390582 0.990087 0.916615 
4.70008 6.72286e-05 0.00028399 9.5571e-05 0.989346 0.958144 
4.70031 0.00095374 0.00039013 0.000271197 0.990503 0.95013 
4.71363 0.000828887 0.00102894 0.000289419 0.991885 0.950586 
4.70006 0.000159325 0.000236412 0.000480453 0.989348 0.891876 
4.74859 0.00125754 0.00259682 0.000255553 0.990562 0.920623 
4.70136 0.000549631 0.000810924 0.00042888 0.990146 0.955985 
