0
565
645
274
379
172
183
109
138
110
165
165
168
172
162
163
211
164
160
194
162
195
133
129
162
161
204
158
214
134
137
132
135
171
161
131
132
134
138
129
133
136
132
132
132
132
134
134
197
135
139
134
137
138
140
138
189
137
138
139
138
194
140
139
139
139
137
136
136
137
140
137
137
139
139
138
139
139
139
146
141
144
137
138
139
138
138
139
138
139
143
137
137
138
138
138
139
139
138
138
138
140
139
142
138
139
138
141
138
140
142
138
151
150
138
150
139
153
138
138
156
139
139
138
140
157
138
138
138
138
138
139
139
140
139
138
139
139
139
139
139
139
139
138
138
153
138
139
138
138
138
152
139
154
138
158
138
138
138
138
139
139
163
163
137
160
138
162
141
162
160
136
164
137
137
159
138
139
137
141
140
138
138
141
139
142
141
144
142
148
145
145
235
142
244
144
249
245
143
159
138
160
159
138
162
162
137
166
163
135
165
139
136
135
136
137
138
161
141
140
138
140
138
139
139
139
141
140
141
142
142
139
141
142
140
142
139
140
138
138
139
138
138
138
138
138
138
139
140
140
140
139
140
137
139
139
138
138
138
139
138
140
162
139
139
138
139
138
157
138
154
156
138
138
138
137
137
137
137
137
137
138
153
137
153
137
153
137
138
155
140
158
159
157
155
159
138
159
139
140
138
139
159
138
163
162
160
159
160
157
138
137
162
161
161
137
162
137
137
137
138
138
137
138
137
137
138
138
138
138
139
140
135
136
135
135
135
138
137
137
137
135
138
138
138
138
139
139
139
138
138
138
134
154
151
150
154
150
138
138
137
137
137
137
137
138
138
139
138
138
137
140
152
155
153
154
154
140
154
139
137
136
137
141
156
137
139
137
140
140
159
134
157
156
137
160
140
158
231
158
159
159
243
155
136
156
136
158
135
158
157
135
159
134
159
136
134
157
134
155
133
133
136
134
136
135
137
135
137
136
139
136
136
137
134
135
136
136
137
135
135
135
135
137
136
136
136
137
137
136
136
136
137
138
138
138
138
138
138
137
139
137
137
137
138
137
137
136
136
139
137
137
156
156
156
161
157
157
158
136
136
137
136
136
137
136
136
137
137
136
136
136
136
136
136
136
136
137
136
137
0
1000
517
215
306
250
109
160
166
177
107
160
157
156
160
158
157
124
127
128
152
182
126
129
131
188
130
130
129
131
128
132
130
133
128
132
131
133
132
132
135
199
132
135
135
135
197
135
136
134
132
133
136
134
192
136
135
132
131
132
133
132
131
137
133
133
132
133
134
134
134
191
135
135
136
135
136
136
136
135
136
135
136
135
134
137
136
132
136
137
135
136
135
138
191
182
140
139
139
138
136
138
134
137
139
136
137
139
135
137
135
136
137
136
135
135
139
137
138
135
137
138
137
139
138
138
139
140
138
137
138
138
137
132
138
138
137
137
140
139
136
216
157
135
137
136
138
138
137
133
139
134
138
138
136
136
136
133
135
157
154
137
137
138
140
138
138
138
138
134
139
138
138
134
138
137
137
141
139
139
139
134
139
138
137
136
137
137
138
139
137
137
137
138
137
137
137
139
137
137
131
151
155
154
136
154
153
134
134
135
133
157
157
135
135
135
136
135
135
135
135
135
137
135
137
135
136
137
131
137
137
136
136
136
136
137
137
137
138
137
138
141
137
139
137
135
135
136
134
135
135
137
136
135
136
135
136
139
136
135
141
134
157
137
134
134
134
136
136
136
137
138
137
137
137
137
135
137
136
136
137
136
136
136
136
137
135
135
138
148
151
163
133
136
135
136
136
136
136
136
136
136
136
136
136
130
157
136
158
155
133
134
158
135
132
135
137
137
136
136
136
135
134
135
135
134
134
136
136
135
156
134
136
137
139
139
140
137
137
137
135
133
134
154
133
135
133
152
151
133
134
156
154
136
133
134
134
135
136
135
133
137
136
135
135
134
135
136
134
137
137
136
136
135
136
136
136
152
157
157
152
150
149
132
132
135
132
134
134
134
135
136
133
135
132
135
136
134
137
135
134
135
136
138
136
136
136
135
135
135
136
135
134
158
156
151
133
133
134
134
135
156
152
151
148
150
151
132
131
133
133
134
133
133
134
136
133
137
137
135
158
155
132
135
137
134
134
134
135
134
135
134
134
133
134
133
133
132
133
133
133
135
134
157
152
151
149
132
133
133
134
138
153
146
132
132
135
134
154
133
133
131
131
134
134
133
134
134
135
136
135
137
136
155
134
137
134
133
154
152
0
1000
536
572
179
184
117
105
177
178
167
169
177
165
167
156
204
167
162
138
134
170
132
130
130
161
130
131
130
134
130
129
133
131
129
131
130
216
135
131
132
133
133
130
135
132
134
137
134
138
134
138
135
135
140
133
138
138
194
135
137
136
138
135
135
136
140
137
140
135
137
138
138
136
135
186
148
137
138
137
139
138
138
138
138
137
135
136
139
136
138
137
137
137
135
132
134
137
138
136
137
139
136
137
138
134
179
148
137
138
137
138
138
138
138
138
137
137
137
136
136
136
137
136
137
137
136
137
136
137
135
136
137
140
137
135
136
135
136
136
135
134
135
135
136
137
133
146
134
134
135
134
136
136
140
135
138
138
138
136
138
140
140
140
131
139
141
140
141
140
137
132
138
138
140
140
140
140
140
139
141
139
140
139
141
140
140
137
138
138
141
138
139
137
134
136
135
137
134
136
137
137
136
138
154
136
147
150
133
139
138
137
137
134
138
140
138
138
138
138
139
138
138
138
133
138
135
138
140
132
138
140
154
147
138
138
135
151
136
139
135
139
139
139
136
139
139
139
139
137
139
135
138
139
137
138
138
149
137
149
138
135
134
155
155
139
131
167
158
135
135
133
137
138
136
137
135
138
138
138
136
134
135
136
135
136
133
135
134
134
134
137
136
135
135
132
133
135
135
135
135
137
136
138
133
137
135
135
135
136
136
156
159
152
152
135
133
134
136
136
135
134
134
157
153
132
133
136
132
157
153
131
154
132
132
132
135
134
134
136
136
137
136
136
136
136
135
135
135
135
135
134
134
136
134
137
135
135
151
136
137
135
134
159
154
151
159
153
153
149
131
151
136
132
134
135
133
135
136
136
136
136
137
134
138
138
139
137
137
137
138
139
137
138
138
138
137
137
139
139
139
138
139
138
136
138
138
139
131
137
157
135
137
136
157
135
135
137
138
138
138
137
157
135
138
137
136
158
157
157
133
134
134
135
129
134
134
133
133
134
159
133
133
135
129
135
136
138
135
135
135
135
136
135
136
136
136
136
132
135
135
137
136
133
140
135
133
135
134
134
126
156
134
130
134
135
134
135
135
137
135
137
135
133
136
137
137
136
156
158
168
137
155
155
131
133
132
133
132
159
0
724
245
296
353
107
271
108
225
175
181
175
166
141
178
159
165
171
161
133
213
165
127
215
169
195
132
139
135
132
131
129
147
150
137
134
130
133
198
130
129
130
134
131
130
134
135
136
141
139
132
132
136
136
193
137
137
135
138
138
134
138
134
136
136
138
183
135
137
137
138
138
134
221
190
136
135
135
135
139
139
138
137
136
137
136
136
212
190
136
136
135
136
136
135
135
134
136
134
138
137
137
137
136
136
137
137
136
134
136
136
136
136
136
137
137
137
137
137
134
137
135
137
136
136
133
138
135
140
136
136
135
135
135
135
135
135
135
137
135
136
147
135
135
147
135
136
136
136
136
137
138
137
138
138
135
137
137
138
138
136
136
135
136
136
137
138
138
137
137
137
137
138
138
138
138
138
137
136
138
138
136
136
140
146
136
137
137
137
144
136
136
133
137
136
136
136
136
137
137
138
137
138
137
136
151
149
137
136
136
148
138
136
149
153
149
135
135
136
136
151
150
134
135
135
136
136
135
151
131
152
134
134
136
136
136
156
135
135
137
135
136
134
135
135
135
135
136
135
134
135
135
135
133
148
148
147
136
151
147
134
135
135
133
133
134
134
134
134
136
135
136
133
133
136
135
135
134
133
136
135
134
133
133
133
135
136
138
135
135
134
135
135
136
137
136
136
135
134
134
134
135
133
133
145
149
154
133
133
133
134
133
133
133
133
132
134
134
134
133
133
133
132
134
133
133
133
133
134
134
134
134
133
136
133
134
133
134
133
134
135
134
148
132
134
155
149
133
134
133
135
134
150
132
148
134
133
134
138
136
135
136
135
135
136
136
134
135
135
145
149
150
148
134
146
148
133
135
133
135
136
135
135
137
136
136
135
135
137
137
135
138
137
135
133
152
135
150
149
134
152
133
134
134
134
132
134
135
137
136
135
136
138
136
135
137
136
135
136
135
136
136
135
134
137
137
135
137
135
137
138
138
135
135
135
137
132
157
136
134
134
150
134
136
134
145
153
149
148
132
133
135
134
134
137
136
138
137
134
135
136
134
134
137
137
135
134
138
138
134
135
135
134
154
134
135
134
135
133
154
133
134
133
153
150
149
153
148
134
134
133
137
133
133
133
156
134
136
135
135
0
802
260
339
190
201
167
166
148
157
185
172
267
161
160
114
137
166
160
155
136
163
160
153
133
171
137
134
136
193
133
131
129
162
132
127
129
129
129
132
132
128
132
195
133
135
130
133
132
131
191
134
134
135
135
133
187
134
133
133
137
133
134
137
133
136
135
133
134
135
137
135
134
134
191
136
134
134
136
137
135
135
135
135
135
136
138
137
137
135
136
133
135
133
133
135
134
137
135
134
135
134
135
136
136
136
135
136
138
136
136
136
136
136
136
135
139
136
136
137
137
133
165
136
149
153
165
137
137
139
136
141
137
138
137
138
141
139
138
140
139
139
139
139
138
140
138
139
139
139
140
140
140
140
136
152
150
150
144
140
149
136
140
140
140
140
138
154
137
140
138
135
140
139
135
139
136
137
137
138
153
136
136
153
143
136
135
152
151
136
138
138
136
135
137
137
135
138
138
138
138
139
139
138
137
138
139
138
138
138
137
137
151
150
149
134
137
136
135
137
137
138
137
137
137
138
139
137
137
136
136
138
132
135
137
134
137
137
138
136
136
138
137
136
136
137
150
153
139
137
138
135
138
138
138
139
136
138
138
138
133
155
154
130
155
153
138
138
138
136
136
137
135
139
138
135
135
135
135
135
137
147
136
132
137
137
136
137
133
137
134
135
136
131
135
137
138
138
137
163
153
151
151
149
151
135
136
136
133
138
138
135
136
136
137
137
136
136
137
137
136
136
136
140
137
135
139
145
135
156
135
135
136
139
137
137
136
135
154
155
153
153
133
132
135
134
135
136
135
136
136
138
137
138
133
136
136
137
138
138
140
135
137
138
135
134
135
137
136
137
137
138
137
134
137
139
138
136
136
138
132
154
155
137
137
138
138
138
137
138
138
133
137
158
157
152
154
147
135
136
139
137
138
134
138
133
137
136
136
134
137
137
137
136
137
137
137
137
137
137
139
137
138
136
133
134
137
137
137
137
136
137
136
136
136
137
137
137
137
131
137
131
157
135
138
137
155
156
156
134
138
137
133
137
136
136
136
137
136
135
136
135
131
133
137
137
134
135
134
135
154
133
134
136
134
135
136
136
135
130
136
134
136
133
136
132
136
136
135
136
137
137
130
155
157
151
155
152
133
129
0
802
411
713
219
117
196
111
171
178
171
170
166
169
165
106
169
163
165
159
163
134
173
161
131
137
160
129
130
159
128
131
136
130
130
129
134
128
130
127
131
128
130
133
134
133
208
131
134
194
133
135
195
135
133
133
132
135
132
133
132
132
133
134
137
133
134
135
135
134
132
134
133
134
134
134
136
136
135
133
134
135
135
135
136
136
133
133
134
134
135
136
137
137
136
136
136
135
136
138
137
139
135
134
134
135
135
136
135
138
137
137
137
135
136
193
136
145
137
136
133
136
128
140
155
135
136
139
136
134
134
136
135
135
136
140
135
137
137
136
140
137
136
138
136
137
130
136
136
136
136
135
136
135
135
138
137
136
138
137
137
132
144
135
135
158
156
163
134
135
138
134
136
137
138
129
138
135
134
135
135
135
137
138
135
140
136
135
136
137
134
135
136
133
136
136
132
137
137
137
136
136
136
138
138
138
138
139
137
138
136
136
133
138
135
137
135
135
136
136
137
137
139
135
137
136
135
137
137
139
133
134
136
133
136
133
136
136
136
156
154
133
134
138
138
138
136
138
139
137
137
138
137
137
137
138
138
137
136
137
134
130
155
134
136
138
138
138
137
133
137
138
132
138
139
139
135
137
137
138
138
137
137
138
137
130
154
153
154
149
133
137
136
137
139
137
134
154
155
131
136
136
137
137
135
136
135
138
135
138
138
138
134
135
134
135
136
136
135
135
135
138
135
133
157
137
138
157
156
135
134
135
137
135
136
137
136
134
154
136
137
135
133
135
134
133
134
132
136
135
133
157
150
132
134
134
134
135
135
134
133
135
135
135
137
135
129
134
137
137
130
155
155
133
135
155
133
158
154
133
132
132
136
132
137
135
135
137
135
135
134
134
135
135
136
135
134
137
136
136
135
137
134
137
135
136
135
135
135
134
155
148
154
151
151
152
151
151
133
133
134
136
137
136
133
136
136
137
137
137
137
136
136
131
138
136
136
136
136
137
136
137
139
137
136
157
134
158
133
160
159
132
133
133
158
132
155
131
132
132
131
134
134
135
134
134
133
134
135
135
135
132
131
138
136
136
136
136
136
135
132
135
137
136
131
133
133
135
135
135
135
136
136
136
136
136
136
136
137
131
0
621
502
181
376
259
111
228
190
165
177
170
170
170
158
221
106
161
160
149
235
174
227
133
131
210
131
130
209
196
132
133
130
132
134
129
134
131
129
136
131
200
132
132
131
134
137
137
133
133
133
129
139
133
133
135
137
184
133
136
136
136
132
134
135
136
133
138
132
133
137
137
133
134
135
136
138
188
176
137
137
139
137
135
136
139
136
136
136
136
136
137
137
135
137
136
136
137
136
135
137
138
136
137
137
136
136
137
136
138
136
137
136
135
137
137
136
137
136
133
137
136
136
137
137
136
137
135
137
136
136
135
136
136
136
136
137
137
137
146
135
149
148
135
136
136
135
138
137
137
132
150
137
137
136
137
136
133
137
138
138
137
137
136
136
136
137
137
136
136
136
136
149
136
138
138
137
134
137
147
150
149
160
135
136
137
148
135
135
135
136
136
136
136
136
135
135
136
135
135
146
137
137
136
135
147
146
135
135
147
136
131
150
136
149
139
135
146
135
137
137
134
135
146
127
151
148
135
138
148
133
134
134
154
133
136
133
134
134
134
136
135
135
133
134
135
136
134
136
136
134
153
149
135
132
131
149
133
133
134
134
133
135
153
133
132
135
134
135
135
134
149
132
134
135
135
134
135
135
136
135
135
130
133
134
134
134
135
135
137
136
135
136
139
138
131
135
153
150
133
135
134
149
134
135
134
134
134
135
135
135
133
134
137
137
137
135
151
134
134
137
140
134
134
136
136
154
133
135
136
135
135
135
135
135
134
138
138
138
134
135
129
133
133
149
132
134
136
135
134
133
137
137
137
137
137
137
137
137
135
137
136
135
137
152
132
150
134
148
130
152
134
134
131
152
133
135
135
136
137
135
151
135
136
136
136
136
136
135
156
152
133
131
133
133
133
133
133
128
155
151
150
151
131
132
132
156
133
133
133
129
133
128
134
134
133
133
133
133
133
133
154
154
133
135
134
134
137
134
153
152
131
153
150
131
133
136
154
147
150
152
150
153
144
131
130
133
133
134
134
134
132
132
132
132
134
132
134
135
133
136
134
133
133
135
133
133
134
152
132
134
133
133
134
133
133
133
132
133
134
134
133
134
134
132
154
152
156
154
152
131
133
132
134
133
132
133
154
131
132
0
682
610
354
267
176
156
186
111
243
164
174
165
169
165
165
159
157
163
155
134
210
161
192
133
132
127
132
128
132
179
129
132
129
134
128
132
129
130
189
132
132
132
133
139
129
137
130
135
133
136
189
135
133
130
134
134
134
135
136
133
134
135
193
135
135
136
136
136
136
134
135
135
192
180
135
133
138
137
138
136
137
135
140
135
139
138
137
136
136
136
136
136
136
137
136
135
135
136
136
135
131
136
135
137
135
135
135
135
135
136
130
136
137
138
136
138
137
136
137
137
138
139
139
138
139
136
138
137
136
136
136
133
136
134
136
137
136
136
136
131
137
136
136
140
138
137
138
138
136
133
136
136
136
139
135
138
138
138
139
137
137
152
139
138
139
139
138
130
137
167
135
150
143
157
152
133
137
136
156
135
136
136
136
138
139
138
139
138
137
135
134
134
134
134
136
136
136
136
135
137
137
135
135
135
135
137
136
135
136
135
137
134
136
132
142
137
137
136
135
136
134
137
139
130
138
137
137
138
138
138
138
138
138
137
129
150
152
151
150
134
136
136
136
134
134
152
150
147
148
132
134
135
135
134
134
135
135
135
136
137
138
137
136
137
137
137
139
136
137
137
136
136
134
132
137
137
136
136
135
134
135
135
133
133
133
134
144
146
132
132
134
135
135
134
133
132
133
131
134
134
136
134
135
136
136
137
138
136
134
136
135
140
136
136
136
136
135
136
138
136
136
136
136
136
135
136
138
134
136
136
136
133
135
135
137
134
148
150
150
149
146
129
134
156
133
135
134
135
136
135
137
136
131
135
135
136
136
130
135
135
136
137
135
136
138
138
136
136
136
135
135
134
134
155
132
132
132
134
136
136
137
136
137
137
136
135
136
137
137
137
136
137
139
137
137
138
137
139
138
138
138
133
139
138
137
137
136
137
135
134
134
133
154
149
147
147
148
147
133
152
151
134
134
135
135
135
136
135
136
136
136
138
139
139
140
139
136
139
138
140
137
137
136
134
135
155
149
132
133
134
135
129
134
134
136
132
136
134
137
136
136
136
136
136
136
134
136
136
136
136
137
139
138
137
138
137
134
153
152
134
156
141
156
153
131
155
132
133
133
156
135
137
137
135
133
134
136
136
128
0
1000
487
260
258
117
147
186
308
184
113
149
221
171
160
200
181
201
208
153
167
146
205
146
206
222
209
205
145
228
144
142
226
213
149
140
147
148
149
142
149
138
142
154
147
146
143
140
168
144
154
145
144
149
143
167
142
147
143
145
187
143
143
145
143
142
144
144
143
143
143
144
154
147
145
218
258
144
144
144
148
146
143
143
143
144
144
144
143
145
143
143
143
142
143
142
144
143
143
143
143
143
144
144
142
143
144
144
144
143
144
144
143
143
143
143
143
142
142
140
144
143
143
145
140
144
144
172
145
145
144
145
144
145
145
143
146
146
144
146
142
142
143
146
144
144
142
143
145
145
145
137
180
159
197
144
144
143
141
141
141
141
143
138
190
156
143
141
142
141
142
139
139
140
140
142
143
136
138
151
151
139
141
143
143
143
137
158
152
148
153
151
141
142
142
142
142
142
141
139
142
141
142
140
140
141
141
142
141
142
141
150
152
148
153
153
151
141
140
141
141
143
143
142
141
152
152
141
142
157
153
142
140
154
153
140
136
122
113
126
109
107
190
109
113
108
108
111
138
128
117
181
137
137
138
138
138
138
138
139
141
143
140
139
139
139
141
139
139
141
139
139
140
139
152
152
138
155
171
171
184
156
137
138
140
138
140
136
138
139
138
140
138
137
139
139
139
138
138
138
138
138
140
138
158
154
162
138
135
140
137
141
140
140
139
140
140
140
140
139
140
138
140
138
170
159
161
157
148
140
140
161
160
143
159
137
137
138
136
161
139
159
138
138
136
138
138
139
138
139
137
139
139
139
140
137
140
141
138
140
140
138
138
138
138
138
137
140
157
145
160
161
159
141
138
137
140
138
142
138
139
138
138
139
136
137
139
139
140
138
139
139
139
139
138
163
138
141
140
135
139
157
139
138
139
139
158
159
159
158
160
174
166
169
168
137
138
139
139
139
140
141
141
140
140
161
139
140
160
140
140
141
138
157
161
139
139
142
160
158
138
139
139
139
139
140
140
139
140
140
139
138
139
138
139
161
138
138
139
139
140
138
137
139
138
138
138
140
139
140
140
139
138
140
139
139
158
143
158
137
140
139
139
139
141
140
140
139
141
140
139
157
139
159
139
159
140
140
141
142
0
625
478
175
408
177
171
167
173
193
168
220
152
209
177
158
230
164
137
176
190
132
134
132
157
138
193
130
128
131
130
132
136
135
132
135
136
130
131
130
133
130
132
131
131
132
132
131
133
187
132
134
141
136
137
131
139
138
136
136
134
138
136
135
136
138
136
135
134
135
135
138
137
135
139
133
134
134
137
152
134
134
136
139
138
138
137
137
134
135
137
138
137
130
131
136
136
135
135
137
138
132
135
139
139
138
137
145
137
140
130
135
138
136
136
136
136
136
136
136
136
140
137
137
136
136
136
140
159
151
137
138
137
136
137
138
136
133
138
136
139
138
136
134
132
173
154
132
135
133
136
133
136
153
132
152
132
135
135
136
137
136
135
134
132
135
137
137
135
135
135
136
137
135
134
132
136
138
138
137
140
136
137
134
138
138
136
136
128
155
156
162
136
135
135
138
137
134
138
138
138
137
137
138
138
138
136
138
137
139
139
139
139
136
137
139
139
139
139
132
153
152
134
134
137
156
138
151
152
155
151
153
151
150
149
132
134
133
131
137
137
135
137
137
136
136
137
137
137
137
138
134
136
137
136
135
134
137
138
134
137
136
138
135
135
135
135
135
137
135
139
138
138
137
131
136
136
136
136
135
135
136
136
136
135
136
136
134
138
137
135
136
136
134
136
155
131
156
131
155
133
149
156
151
131
132
156
133
134
134
133
133
133
133
133
134
158
133
133
134
134
134
134
135
135
135
135
134
134
130
133
133
134
133
134
134
132
134
133
137
135
135
135
135
135
134
134
134
133
134
130
134
134
133
131
133
132
132
135
132
132
131
133
132
134
135
130
133
136
133
134
133
131
131
130
132
132
151
137
131
149
151
160
163
127
131
133
133
133
134
134
135
134
134
135
135
136
135
137
138
138
136
138
136
136
136
135
134
134
134
134
149
151
145
149
148
151
157
152
148
130
129
132
134
131
131
132
131
130
132
133
133
133
133
135
135
135
135
135
137
136
135
131
135
127
134
136
136
134
134
134
134
134
135
134
135
136
135
136
137
134
135
135
132
156
152
151
148
131
151
153
152
129
131
131
132
132
132
132
128
133
159
131
133
133
133
134
133
135
136
132
132
133
133
132
132
128
127
131
132
0
871
509
242
180
166
165
179
163
173
108
190
175
222
167
158
185
137
131
206
169
201
129
202
161
125
133
130
127
133
128
131
135
131
198
138
132
135
132
137
131
134
190
133
134
135
133
133
133
133
133
133
134
140
138
135
132
136
136
178
134
136
137
137
138
134
137
135
134
134
137
137
139
137
150
135
138
190
178
137
137
138
138
139
138
137
136
135
135
137
138
137
136
135
136
138
138
135
138
137
136
137
138
136
138
138
138
138
138
137
137
137
137
137
138
137
138
137
136
136
136
137
138
139
136
137
134
137
137
135
137
135
136
136
137
136
137
137
138
138
138
138
139
136
137
136
136
207
136
133
136
138
136
136
137
138
136
135
136
136
155
150
137
135
137
137
135
136
137
137
138
138
138
140
138
138
136
136
136
137
138
138
138
138
137
139
139
140
137
138
137
138
138
138
140
137
137
137
155
153
140
136
136
148
136
136
135
136
136
152
136
136
136
136
136
149
135
136
138
138
136
137
137
137
137
137
137
137
137
138
138
137
138
137
153
136
149
149
137
138
136
156
153
136
137
137
136
138
136
137
136
136
136
138
138
138
136
137
137
138
137
137
137
138
136
136
136
136
134
150
139
148
136
135
136
135
155
151
150
150
153
133
134
134
135
135
135
137
153
134
134
135
135
135
132
204
135
136
134
133
134
134
134
134
134
135
136
135
135
135
135
135
135
137
139
139
139
139
137
137
137
136
135
137
134
136
139
135
135
134
134
134
136
136
134
133
132
153
151
148
151
156
133
133
134
133
135
135
135
136
135
135
136
137
139
138
140
135
151
133
134
135
135
135
136
135
135
135
135
135
135
136
136
136
135
136
136
136
137
135
135
135
134
135
131
155
134
152
134
135
135
135
134
133
131
156
151
134
134
134
133
133
135
134
135
137
136
137
135
136
134
135
134
136
135
133
136
136
139
136
136
136
135
134
135
153
135
137
137
134
134
134
134
134
133
132
133
133
133
135
135
135
135
135
137
137
137
137
137
136
137
136
135
136
134
134
136
136
135
153
154
136
134
134
135
136
135
134
135
135
134
134
132
134
134
134
134
155
153
134
151
135
135
134
135
132
160
153
134
135
135
134
134
135
135
135
133
134
134
134
0
742
593
114
143
164
285
183
162
180
181
236
171
147
181
142
118
172
160
127
173
194
156
138
136
167
134
127
161
130
130
133
134
134
127
130
183
131
133
129
132
132
129
133
132
130
194
134
133
134
134
134
196
136
136
132
137
134
133
193
135
135
136
135
138
190
137
133
135
134
135
136
135
135
135
138
137
137
136
134
133
134
134
134
135
191
137
137
136
137
135
136
138
136
135
136
137
134
138
137
136
137
136
136
136
138
136
138
135
136
136
136
138
137
135
136
136
136
148
136
140
136
135
137
137
136
137
136
137
137
137
138
137
137
137
138
136
136
138
137
189
163
138
138
136
138
136
138
152
153
134
152
136
137
138
138
138
138
138
138
137
138
139
138
138
139
136
136
137
139
138
130
154
154
137
139
135
133
160
155
151
140
135
135
133
151
159
156
134
134
134
134
136
135
134
132
137
134
137
137
136
138
138
136
136
138
139
139
135
137
137
137
137
134
137
138
137
155
133
154
137
139
130
139
136
139
138
137
139
137
130
136
155
138
138
138
139
135
139
137
139
140
139
139
137
153
154
152
149
151
153
151
152
136
155
153
133
135
135
137
135
136
137
133
138
137
137
136
136
135
135
134
135
135
134
133
136
136
135
135
130
133
135
130
136
157
153
133
134
136
135
137
136
138
136
137
136
134
136
132
135
135
133
134
131
131
154
137
137
134
134
138
134
136
136
136
136
137
135
139
136
136
135
153
152
132
132
135
135
135
136
134
133
133
153
133
133
133
135
135
135
131
136
135
134
159
134
135
135
135
152
150
150
137
135
136
136
135
134
134
133
133
134
135
136
137
135
136
135
131
134
134
134
129
155
134
136
135
138
135
135
135
136
137
137
132
135
135
132
134
134
154
151
149
132
133
135
136
134
133
133
135
133
134
134
134
131
134
134
136
136
136
135
135
135
135
137
137
132
137
135
135
135
134
133
155
137
137
137
136
153
135
133
135
135
135
132
134
134
134
134
134
133
134
134
134
134
136
136
134
156
133
134
136
135
136
136
135
136
138
130
158
137
132
135
136
135
135
133
134
134
135
134
136
135
137
136
134
133
136
136
136
133
134
135
135
132
135
134
156
157
153
135
153
132
132
129
155
133
155
0
1000
755
242
173
116
147
172
174
106
159
165
168
162
171
163
163
159
163
158
157
236
171
167
201
136
133
131
129
161
157
132
128
131
131
133
127
128
129
130
133
129
129
130
190
131
133
131
129
135
185
132
132
137
135
135
133
135
187
135
135
137
134
133
134
134
137
135
135
134
217
135
135
133
134
131
134
134
134
134
135
136
136
137
134
133
137
136
137
136
136
136
136
135
134
133
133
132
133
132
132
133
133
134
135
134
133
133
133
136
135
134
132
132
133
135
134
131
131
138
137
133
131
131
132
131
134
131
134
132
132
131
132
133
133
132
132
133
138
133
133
133
132
133
136
164
159
139
134
137
138
139
138
140
139
139
139
138
137
135
136
135
135
138
137
137
138
136
136
137
138
136
138
138
140
138
137
135
135
147
134
137
133
136
132
136
136
138
135
136
134
133
133
148
134
140
137
138
137
138
137
137
137
138
136
134
134
135
136
136
129
135
137
146
128
134
135
135
137
135
136
139
135
142
137
138
138
136
138
136
135
135
132
135
138
135
135
134
149
150
150
144
132
136
136
136
136
133
135
134
135
135
135
138
137
134
136
136
134
133
135
151
153
147
134
134
137
136
134
135
135
135
136
137
138
139
136
136
137
137
137
136
135
136
135
135
136
135
145
132
135
135
136
135
138
136
133
137
137
136
136
147
134
137
133
136
135
134
135
133
133
136
136
135
135
132
135
136
133
134
134
136
137
133
136
141
136
138
137
137
136
139
136
136
133
149
148
135
138
135
137
137
134
135
146
134
135
135
152
148
134
138
135
134
136
136
130
136
135
137
134
155
146
132
131
150
132
133
133
134
129
133
133
133
133
133
133
135
134
134
134
134
133
135
134
134
134
135
135
137
137
135
133
133
135
129
134
134
131
134
134
134
134
133
134
129
156
154
150
131
134
154
132
134
132
132
135
133
135
135
135
137
134
138
138
133
134
136
135
136
134
155
135
135
135
136
134
135
135
131
133
132
156
154
154
132
155
156
149
132
131
133
131
132
152
151
132
132
132
132
132
132
130
132
135
133
134
135
134
133
133
133
133
132
133
133
129
133
133
134
136
136
134
134
134
134
134
134
134
135
135
136
137
137
136
135
136
150
135
138
0
770
256
289
103
358
174
165
168
177
166
176
175
165
175
172
164
142
161
135
158
154
138
135
134
155
129
148
143
198
195
131
131
132
130
132
128
138
132
129
134
199
131
132
132
132
134
131
136
199
135
133
133
202
134
137
132
133
132
133
134
133
135
135
137
134
139
135
135
135
133
182
136
134
136
136
136
134
138
136
135
137
138
136
136
136
137
136
134
135
137
136
137
135
136
136
137
136
136
136
138
190
142
148
139
137
138
138
138
138
137
137
138
137
137
136
136
136
135
136
135
135
134
138
137
135
136
135
138
134
138
136
150
215
135
134
134
134
136
134
134
149
132
133
133
135
135
135
135
134
136
135
131
136
133
135
135
135
135
131
135
137
136
138
139
140
137
139
139
141
139
138
137
131
151
152
158
154
151
137
150
154
152
150
150
146
135
134
156
151
135
136
136
137
137
139
136
138
139
137
136
139
137
137
139
135
135
137
135
135
135
136
136
136
136
135
136
137
133
134
155
154
135
154
150
134
133
135
135
136
138
135
135
134
135
133
133
131
135
136
135
136
134
134
135
134
136
136
135
136
137
136
136
135
136
138
158
138
137
136
135
136
154
153
155
152
150
150
150
150
151
154
154
151
133
135
136
136
133
136
136
136
137
138
140
137
135
136
136
136
135
135
133
136
136
136
156
154
154
134
133
156
135
135
135
137
135
136
158
135
135
134
136
135
137
136
136
136
136
134
136
135
160
152
155
135
136
136
136
134
134
135
136
136
135
160
133
158
134
133
134
134
133
133
132
132
132
132
132
132
132
132
132
133
132
132
134
136
136
135
135
136
135
135
135
134
134
133
133
134
158
153
132
133
158
151
134
137
133
135
154
133
134
134
133
134
134
134
137
137
136
133
134
133
133
132
133
133
133
135
136
134
133
149
150
147
150
150
149
148
133
136
135
133
132
132
133
133
133
138
136
135
137
137
137
137
137
141
141
140
141
140
140
138
139
139
139
137
135
137
154
160
156
150
151
152
132
132
133
134
153
133
133
132
132
133
133
132
132
132
133
132
133
136
137
137
136
137
137
140
140
138
138
136
138
138
138
134
136
137
136
136
137
159
157
154
136
133
133
133
132
133
133
133
131
134
151
153
132
133
0
475
713
267
108
248
209
167
109
139
105
227
162
151
132
121
203
154
199
157
133
133
129
156
146
131
132
132
127
130
194
127
135
129
132
131
128
135
131
127
133
131
131
131
133
194
132
134
136
135
133
131
139
136
136
136
134
136
131
201
131
134
134
135
135
136
137
134
138
135
139
136
134
137
135
137
191
135
137
138
136
137
137
136
137
137
137
135
138
137
138
137
136
137
136
135
137
179
136
138
137
138
136
139
138
138
137
137
139
137
138
135
138
138
136
138
139
138
136
137
132
138
137
184
162
145
149
158
148
148
154
146
138
138
138
137
139
136
139
140
140
140
139
138
133
139
137
142
141
139
139
137
136
156
158
156
136
160
156
150
133
135
137
137
133
136
137
137
137
137
137
137
137
136
137
135
135
138
138
136
137
136
137
137
134
137
137
139
140
138
138
138
138
141
139
141
136
138
133
136
152
152
152
152
152
134
133
136
136
136
137
135
135
137
136
137
137
137
138
138
137
136
136
137
136
136
137
134
137
136
135
135
158
157
137
136
158
153
152
136
135
136
135
136
134
137
135
137
136
134
134
134
138
134
136
135
134
139
136
131
137
137
138
136
138
137
137
132
137
138
140
138
139
138
137
138
138
137
136
136
139
138
133
155
152
149
153
151
146
150
150
150
151
134
135
135
136
136
136
137
137
137
139
137
139
139
137
138
139
139
138
138
140
139
138
136
137
138
141
140
140
136
155
156
156
153
147
148
135
135
135
157
134
135
135
136
136
135
133
136
134
135
135
135
136
139
138
138
140
139
139
138
141
139
139
139
140
139
136
138
135
137
137
136
139
135
138
137
137
137
132
139
158
160
152
134
136
138
135
135
137
137
136
137
138
134
136
137
136
137
138
138
157
135
137
136
136
136
134
135
136
137
137
137
135
139
138
138
138
135
137
137
135
136
136
135
137
137
136
160
155
133
134
136
136
136
135
136
135
136
136
135
137
136
136
136
132
136
136
136
136
133
158
159
135
136
135
136
135
135
135
134
157
133
136
136
136
134
156
133
155
132
132
133
133
133
134
136
134
135
135
135
135
135
135
135
131
135
132
135
134
136
136
138
137
136
137
136
137
137
137
138
137
158
156
134
135
135
137
137
0
1000
147
429
365
384
112
253
110
218
177
165
229
169
106
141
171
162
162
157
138
166
155
138
133
163
132
130
128
129
130
134
135
180
131
132
132
135
131
132
129
136
191
134
132
138
135
135
135
137
184
134
138
134
139
134
139
194
135
138
136
136
137
135
132
136
137
137
134
137
137
131
138
138
134
139
138
137
226
138
137
138
138
137
137
138
136
135
134
136
135
135
135
135
134
136
133
135
136
135
137
135
132
136
133
137
137
134
137
136
137
138
137
135
139
136
139
194
151
137
136
136
136
137
137
137
136
135
138
138
137
138
136
138
138
137
138
137
137
136
137
138
138
138
136
138
137
136
138
137
137
137
137
137
137
138
138
137
137
136
139
138
139
137
138
137
136
136
138
136
137
137
136
134
133
136
135
136
135
135
136
133
136
132
150
136
136
136
136
136
136
136
137
136
136
137
153
148
136
137
137
135
135
156
149
135
136
135
137
135
135
148
135
135
136
137
134
136
136
135
135
137
136
136
134
160
165
131
134
129
155
151
144
132
133
134
135
137
137
137
137
137
136
137
136
133
134
134
134
133
134
136
134
131
134
151
148
131
133
129
133
134
136
135
136
136
132
129
151
137
131
136
136
138
139
137
137
135
137
135
135
135
156
134
135
135
137
154
151
154
151
153
134
140
134
153
134
135
136
134
137
135
137
137
137
138
136
138
138
133
138
139
134
154
133
135
134
136
135
135
136
137
136
135
133
133
138
137
136
133
136
135
135
133
132
149
136
133
136
151
137
134
135
136
136
134
135
136
136
138
135
134
138
137
137
135
151
151
148
150
151
150
154
132
134
137
136
137
138
138
138
138
137
137
139
135
138
137
137
138
133
139
136
138
138
138
139
137
138
138
138
138
131
139
136
134
139
139
138
139
139
138
135
134
135
134
153
135
136
138
136
135
136
137
138
138
138
138
136
136
137
137
138
137
137
137
138
138
138
135
154
147
137
137
137
138
139
137
137
138
138
138
138
133
135
136
154
150
154
133
132
136
136
136
134
132
155
135
134
134
134
134
134
137
137
136
137
138
137
138
137
138
137
138
134
138
136
135
135
136
130
137
137
135
137
138
138
138
137
137
140
139
138
137
137
136
135
154
146
151
0
900
322
335
190
151
160
184
191
234
209
113
228
174
172
153
171
146
168
136
170
157
136
175
155
136
135
160
130
136
131
209
131
197
132
130
132
192
132
135
132
131
136
202
133
135
191
134
136
132
135
138
137
134
136
135
134
136
132
138
138
137
190
136
137
137
136
135
134
137
136
135
135
136
135
138
135
135
133
139
137
136
136
136
137
139
135
138
133
135
137
137
138
138
136
139
138
138
139
136
139
138
137
137
139
139
139
141
139
139
138
139
138
139
139
139
139
139
138
139
139
138
140
131
138
140
139
139
139
139
139
138
139
139
137
138
139
139
139
139
139
139
138
136
137
140
139
128
167
141
137
140
139
139
139
137
139
137
137
139
139
138
134
136
138
139
144
137
137
139
134
135
138
139
138
138
136
137
137
138
138
136
138
137
137
136
137
138
137
137
157
155
138
134
136
134
138
136
136
135
131
137
135
135
136
137
137
130
156
138
137
138
138
137
136
137
137
137
137
135
138
138
135
138
137
139
138
139
137
135
152
154
159
134
153
134
156
156
133
134
136
137
136
137
138
137
137
135
137
135
135
135
155
133
135
136
157
133
135
132
136
136
134
134
136
134
138
136
136
135
135
136
135
137
133
133
156
134
135
134
134
135
156
134
134
136
154
133
134
134
135
135
136
137
135
157
132
133
134
133
156
133
135
133
134
134
134
134
135
134
134
134
134
134
135
136
134
132
132
151
149
131
132
129
156
150
133
131
132
155
149
152
133
137
134
134
133
131
133
130
132
159
152
135
152
130
131
132
131
157
131
133
134
135
134
134
134
132
134
133
134
135
134
134
135
134
132
130
132
131
131
153
133
132
133
134
133
133
132
132
132
131
131
132
130
132
132
131
131
131
149
148
147
149
148
129
155
149
134
154
151
132
134
133
132
134
135
136
135
136
135
135
135
135
133
134
134
135
135
130
135
134
135
135
135
137
134
133
131
154
151
151
149
148
150
131
151
150
150
151
150
130
132
132
133
133
132
132
133
134
132
131
135
136
136
135
134
134
134
135
134
134
134
133
133
133
134
128
131
133
133
132
132
132
132
132
131
131
131
132
133
132
131
132
152
149
133
151
127
153
130
131
132
132
132
158
132
132
132
133
0
888
493
341
116
190
167
247
184
170
151
176
169
166
203
169
159
209
166
193
141
139
173
172
197
162
135
139
204
132
135
134
138
135
218
131
133
134
133
134
202
139
137
140
136
137
141
141
140
139
144
139
141
140
144
141
141
138
139
144
141
138
144
138
140
140
144
142
140
140
141
141
145
141
141
141
139
210
142
141
142
141
140
138
138
140
140
141
141
141
142
145
141
141
141
139
145
143
143
142
142
142
144
142
141
143
140
140
142
141
141
140
141
139
141
141
141
141
141
143
146
144
144
142
147
142
138
143
153
143
143
155
144
143
143
143
143
138
144
144
143
144
143
143
143
141
142
142
142
142
142
141
141
141
143
143
143
143
144
142
143
143
143
143
144
143
143
142
143
141
144
144
139
154
144
143
143
143
143
153
142
154
141
157
154
141
143
156
141
155
141
141
144
143
142
141
142
142
141
141
140
140
141
140
156
156
155
140
141
140
139
140
141
141
142
142
141
142
142
144
144
142
142
142
141
142
142
142
142
142
143
145
148
142
141
155
156
141
156
141
158
141
141
143
142
143
143
142
142
141
160
141
142
141
142
143
141
140
143
139
142
140
154
142
141
141
142
142
141
142
139
142
143
141
143
141
141
141
141
141
143
157
144
141
143
156
140
159
159
143
158
141
144
142
142
158
143
142
143
143
159
141
161
142
141
142
160
142
142
142
141
160
141
139
165
161
141
141
142
141
142
144
143
139
140
142
143
141
141
142
142
144
143
144
143
141
142
143
143
143
143
142
144
144
143
144
145
143
145
143
142
141
141
141
141
143
143
158
157
141
160
139
161
142
142
141
142
142
144
143
141
145
143
143
143
144
144
145
144
146
144
144
144
140
143
143
144
145
144
145
142
142
145
145
143
141
141
141
141
143
142
141
141
141
143
141
141
142
142
160
141
141
142
142
143
162
143
139
164
162
143
162
165
161
160
141
164
162
141
142
141
142
141
142
142
143
142
142
142
142
142
142
142
142
140
139
138
139
140
162
142
140
161
140
143
144
141
143
144
160
139
161
140
163
141
160
139
161
160
138
163
161
139
139
142
141
141
141
140
139
139
140
140
140
139
139
139
138
138
139
161
140
140
140
140
140
140
141
140
142
